116_0001,0002,0003,0004,0005,0006,0007,0008,0009,0010,0011,0012,0013,0014,0015,0016,0017,0018
18_0037,0038,0039,0043,0044,0046,0047,0048,0049,0050,0052,0053,0054
24_0073,0074,0075,0076,0077,0078,0079,0080,0081,0082,0083,0084,0085,0086,0087,0088,0089,0090
26_0091,0092,0093,0094,0095,0096,0097,0098,0099,0100,0101,0102,0104,0105,0106,0107,0108
34_0127,0128,0129,0136,0137,0138,0139,0140,0141,0142,0143,0144
36_0145,0146,0147,0148,0149,0150,0151,0152,0153,0154,0155,0156,0157,0158,0159,0160,0161,0162
45_0163,0164,0165,0166,0167,0168,0169,0170,0171,0172,0173,0174,0175,0176,0177,0178,0179,0180
130_0181,0182,0183,0184,1838,1839,1840,1841,1842,1843,1844,1845,1849,1850,1851,1852,1853,1854,1936,1937,1938
57_0199,0200,0201,0205,0206,0207,0208,0209,0210,0214,0215,0216
21_0211,0212,0213,0583,0584,0586,0587,0588,0592,0593,0594
60_0235,0236,0237,0238,0239,0240,0241,0242,0243,0244,0245,0246,0247,0248,0249,0250,0251,0252
140_0253,0254,0255,0256,0257,0258,0259,0260,0261,0263,0265,0267,0268,0269,0270
141_0271,0272,0273,0274,0275,0276,0277,0278,0279,0280,0281,0282,0283,0284,0285,0286,0287
64_0289,0290,0291,0292,0293,0294,0295,0296,0297,0301,0302,0303,0304,0305,0306
149_0307,0308,0309,0310,0311,0312,0313,0314,0315,0316,0317,0318,0319,0320,0321,0322,0323,0324
157_0346,0347,0348,0349,0350,0351,0352,0353,0354,0355,0356,0357,0358,0359,0360
106_0415,0416,0417,0418,0419,0420,0421,0422,0423,0424,0425,0426,0427,0428,0429,0430,0431,0432
171_0433,0434,0435,1855,1856,1857,1858,1859,1860,1861,1862,1863,1864,1865,1866,1867,1868,1869,1870,1871,1872
108_0451,0452,0453,0454,0455,0456,0457,0458,0459,0461,0462,0463,0464,0465,0466,0467,0468
109_0469,0470,0471,0472,0473,0474
110_0487,0488,0489,1891,1892,1893,1894,1895,1896,1897,1898,1899,1900,1901,1902,1903,1904,1905,1906,1907,1908
43_0505,0506,0507,0508,0509,0510,0511,0512,0513,0514,0515,0516,0517,0518,0519,0520,0521,0522
117_0523,0524,0525,0526,0527,0528,0529,0530,0531,0532,0533,0534,0535,0536,0537,0538,0539,0540
15_0541,0542,0543,0544,0545,0546,0547,0548,0549,0550,0551,0552,0553,0554,0555,0556,0557,0558
176_0559,0560,0561,0562,0563,0564,0565,0566,0567,0568,0569,0570,0571,0572,0573,0574,0575,0576
118_0595,0596,0598,0599,0600,0601,0602,0603,0604,0605,0606,0607,0608,0609,0610,0611,0612
25_0613,0614,0615,0616,0617,0618,0619,0620,0621,0622,0623,0624,0625,0626,0627,0628,0629,0630
29_0631,0632,0633,0634,0635,0636,0637,0638,0639,0640,0641,0642,0643,0644,0645,0646,0647,0648
30_0649,0650,0651,0652,0653,0654,0655,0656,0657,0658,0659,0660,0661,0662,0663,0664,0665,0666
33_0667,0668,0669,1909,1910,1911,1912,1913,1914
46_0739,0740,0741,0742,0743,0744,0745,0746,0747,0748,0749,0750,0751,0752,0753,0754,0755,0756
59_0793,0794,0795,0796,0797,0798,0799,0800,0801,0802,0803,0804,0805,0806,0807,0808
143_0811,0812,0813,0814,0815,0816,0817,0818,0819,0820,0821,0822,0826,0827,0828,0967,0968,0969
81_0823,0824,0825,0955,0956,0957,0958,0959,0960,0961,0962,0964,0965,0966,0970,0971,0972
68_0847,0848,0849,0850,0851,0852,0853,0854,0855,0856,0857,0858,0859,0860,0861,0862,0863,0864
147_0865,0866,0867,0868,0869,0870,0871,0872,0873,0874,0875,0876,0877,0878,0879,0880,0881,0882
75_0883,0884,0885,1846,1847,1848,1927,1928,1929,1930,1931,1932,1933,1934,1935,1939,1940,1941,1942,1943,1944
151_0901,0902,0903,0904,0905,0906,0907,0908,0909,0910,0911,0912,0913,0914,0915,0916,0917,0918
152_0919,0920,0921,0922,0923,0924,0925,0926,0927,0928,0929,0930,0931,0932,0933,0934,0935,0936
154_0937,0938,0939,0940,0941,0942,0943,0944,0945,0946,0947,0948,0949,0950,0951,0952,0953,0954
83_0973,0974,0975,0976,0977,0978,0979,0980,0981,0982,0983,0984,0985,0986,0987,0988,0989,0990
175_0991,0992,0993,0997,0998,0999,1000,1001,1002,1003,1004,1005,1006,1007,1008
92_1012,1013,1015,1016,1017,1018,1019,1020,1021,1022,1023,1024,1025,1026
96_1027,1028,1029,1030,1031,1032,1033,1034,1035,1036,1037,1038,1040,1041,1042,1043,1044
164_1045,1046,1047,1048,1049,1050,1051,1052,1053,1054,1055,1056,1057,1058,1059,1060,1061,1062
98_1063,1064,1065,1066,1067,1068,1069,1070,1071,1072,1073,1074,1075,1076,1077,1078,1079,1080
165_1081,1082,1083,1084,1085,1086,1087,1088,1089,1090,1091,1092,1093,1094,1095,1096,1097,1098
168_1099,1100,1101,1102,1103,1104,1105,1106,1107,1108,1109,1110,1111,1112,1113,1114,1115,1116
103_1117,1118,1119,1120,1121,1122,1123,1124,1125,1126,1127,1128,1129,1130,1131,1132,1133,1134
181_1153,1154,1155,1156,1157,1158,1159,1160,1161,1162,1163,1164,1165,1166,1167,1168,1169,1170
150_1171,1172,1173,1174,1176,1177,1178,1179,1180,1181,1182,1183,1184,1185,1186,1187,1188
70_1207,1208,1209,1210,1211,1212,1213,1214,1215,1216,1219,1220,1221,1222,1223,1224
156_1225,1226,1227,1228,1229,1230,1231,1232,1233,1234,1235,1236,1237,1238,1239,1240,1241,1242
172_1243,1244,1245,1246,1247,1248,1249,1250,1251,1252,1253,1254,1255,1256,1257,1258,1259,1260
166_1264,1265,1266,1267,1268,1269,1270,1271,1272,1273,1274,1275,1277,1278
111_1279,1280,1281,1282,1283,1284,1285,1286,1287,1288,1289,1290,1291,1292,1293,1294,1295,1296
32_1297,1298,1299,1300,1301,1302,1303,1305,1306,1307,1308,1309,1310,1311,1312,1313,1314
104_1333,1334,1335,1336,1337,1338,1339,1340,1341,1342,1343,1344,1345,1346,1347,1348,1349,1350
86_1375,1378,1379,1380,1384,1385,1386
49_1390,1391,1392,1393,1394,1395,1396,1397,1398,1399,1400,1401,1402,1403,1404
158_1405,1406,1407,1408,1409,1410,1411,1412,1413,1414,1415,1416,1417,1418,1419,1420,1421,1422
162_1423,1424,1425,1426,1427,1428,1429,1430,1431,1432,1433,1434,1435,1436,1437,1438,1439,1440
48_1459,1460,1461,1462,1463,1464,1465,1466,1467,1468,1469,1470,1471,1472,1473,1474,1475,1476
123_1514,1515,1516,1517,1518,1519,1520,1521,1522,1523,1524,1525,1526,1527,1528,1529,1530
142_1549,1550,1551,1552,1553,1554,1555,1556,1557,1558,1559,1560,1561,1562,1563,1564,1565,1566
74_1567,1568,1569,1570,1571,1572,1573,1574,1575,1576,1577,1578,1579,1581,1582,1583,1584
131_1585,1586,1587,1588,1589,1590,1591,1592,1593,1594,1595,1596,1597,1598,1599,1600,1601,1602
44_1603,1604,1605,1606,1607,1608,1609,1610,1611,1612,1613,1614,1615,1617,1618,1619,1620
180_1639,1640,1641,1642,1643,1644,1645,1646,1647,1648,1649,1650,1651,1652,1653,1654,1655,1656
17_1657,1658,1659,1660,1661,1662,1663,1664,1665,1666,1667,1668,1669,1670,1671,1672,1673,1674
124_1675,1676,1677,1678,1679,1680,1681,1682,1683,1684,1685,1686,1687,1688,1689,1690,1691,1692
173_1711,1712,1713,1714,1715,1716,1717,1718,1719,1720,1721,1722,1723,1724,1725,1726,1727,1728
87_1729,1730,1731,1732,1733,1734,1735,1736,1737,1738,1739,1740,1741,1742,1743,1744,1745,1746
121_1747,1748,1749,1750,1751,1752,1753,1754,1755,1756,1757,1758,1759,1760,1761,1762,1763,1764
85_1765,1766,1767,1768,1769,1770,1771,1772,1773,1774,1775,1776,1777,1778,1779,1780,1781,1782
120_1783,1784,1785,1786,1787,1788,1790,1791,1792,1793,1794,1795,1796,1797,1798,1799,1800
99_1876,1877,1878,1879,1880,1881,1882,1883,1885,1886,1887,1888,1889,1890